1 soda 10
1 11 2 24 3 32 4 47 5 70 6 20
2 guarana 20
1 67 2 35 3 89 4 39 5 14 6 32
3 sukita 30
1 25 2 34 3 28 4 39 5 81 6 5
4 pepsi 40
1 13 2 60 3 35 4 45 5 53 6 64
5 fanta 50
1 18 2 27 3 43 4 60 5 32 6 53
6 coca_cola 60
1 100 2 132 3 140 4 154 5 150 6 160
7 kuat 4
1 13 2 20 3 36 4 40 5 59 6 60
8 cerradinho 45
1 10 2 20 3 30 4 40 5 50 6 60
9 jesus 45
1 17 2 28 3 37 4 40 5 54 6 63
10 pepsi_twist 37
1 14 2 27 3 39 4 34 5 52 6 68
11 Mineiro 37
1 16 2 20 3 7 4 60 5 32 6 72
12 fanta_laranja 37
1 10 2 20 3 39 4 40 5 50 6 60